364.12678195541844 167.08203932499367
347.08203932499373 200.53423027509677
320.5342302750968 227.0820393249937
287.0820393249937 244.12678195541844
250.0 250.0
212.91796067500633 244.12678195541844
179.46576972490323 227.0820393249937
152.91796067500633 200.53423027509677
135.87321804458156 167.0820393249937
130.0 130.00000000000003
135.87321804458156 92.91796067500633
152.9179606750063 59.46576972490324
179.46576972490323 32.91796067500631
212.9179606750063 15.873218044581577
249.99999999999997 10.0
287.0820393249937 15.873218044581563
320.5342302750968 32.9179606750063
347.0820393249937 59.4657697249032
364.12678195541844 92.91796067500627
370.0 129.99999999999997
364.12678195541844 167.08203932499367
