#2
91 80
90 29
58 3
27 60
33 17
34 40
87 71
11 16
45 73
41 81
46 94
51 55
57 91
57 83
30 90
74 44
29 90
52 35
68 5
66 21
44 69
59 54
88 77
48 81
65 78
11 35
35 11
6 31
51 53
13 21
1 67
14 4
63 30
70 12
39 0
18 69
94 46
99 41
60 27
64 56
75 2
21 13
1 38
31 82
72 7
32 50
56 64
95 10
88 23
2 75
76 19
31 6
47 45
0 39
6 49
78 97
53 37
89 49
55 51
47 84
73 45
96 97
15 86
95 23
68 67
69 44
19 38
12 93
82 72
26 56
98 61
90 30
99 10
62 32
78 65
49 89
85 39
21 66
7 28
59 42
43 86
36 76
13 15
80 3
63 20
74 17
3 58
50 32
91 57
45 47
92 29
25 96
28 22
12 70
54 27
17 33
66 4
25 20
61 77
82 31
94 18
55 84
10 95
98 8
4 66
86 15
84 55
2 62
5 26
52 42
79 87
77 88
16 14
14 16
32 62
93 12
89 79
30 63
9 58
85 93
4 14
23 88
92 43
67 1
26 5
19 76
71 87
40 83
37 8
53 51
86 43
93 85
80 91
15 13
22 70
79 89
72 82
97 78
49 6
84 47
56 26
61 98
34 24
43 92
64 50
60 9
36 73
23 95
40 34
39 85
9 60
33 48
48 33
44 74
73 36
18 94
27 54
38 1
67 68
96 25
24 34
29 92
77 61
3 80
46 65
8 98
71 75
54 59
65 46
81 41
0 24
20 63
35 52
37 53
42 59
16 11
10 99
5 68
58 9
42 52
62 2
41 99
70 22
50 64
24 0
87 79
8 37
20 25
97 96
17 74
22 28
83 57
7 72
28 7
83 40
38 19
75 71
76 36
69 18
81 48
