8175133
3792621
2695598
2100263
1445632
1526006
1327407
1307402
1197816
945942
79039
821784
741206
787033
805235
731424
820445
60866
600158
601723
617594
649121
713777
601222
583776
646889
579999
583756
597337
620961
594833
545852
520116
494665
439041
466488
420003
459787
416427
399457
403892
408958
462257
437994
390724
382578
391906
365438
335709
343829
382368
396815
347483
325078
336265
337256
324528
303871
305215
295803
291707
257729
285068
319294
296943
305704
269666
291826
259841
258379
2383
212375
27714
287208
22833
243916
253691
247597
244769
236091
233209
236123
26131
229573
217385
225221
226721
208453
229617
216961
242803
222209
226876
21629
224669
214089
205671
204214
229493
208916
203433
198397
209924
201165
196069
17632
212237
197899
200564
193365
210565
191719
189992
18644
18804
190695
195976
197899
205764
19911
193524
180105
195844
164603
175396
189885
181376
173372
161719
131117
195111
154305
199311
116989
178874
181045
175023
161791
165521
153888
163924
167674
178042
180719
165269
167815
167086
154637
153015
170883
154019
154065
156185
152374
135234
159498
143986
173514
139966
144186
156633
14298
132929
15275
150441
15306
140768
149043
140081
91351
145786
149058
143911
127921
141853
147433
122363
152871
136286
146199
145438
144229
129877
139824
14517
111147
137122
108755
122041
141527
135161
125872
136416
118772
118788
113383
124805
117517
119097
12948
120083
134056
137436
124354
124442
121096
129272
126326
129699
129779
122643
122067
92411
116468
124969
99887
126683
120623
115452
127473
124237
105549
110925
1085
117063
106476
124775
115903
91252
115942
113934
11258
118032
99223
9994
106433
105162
78817
118296
114297
117429
106769
11683
105321
112488
107685
93857
103712
105328
113475
103466
100097
11625
10319
10996
106114
97471
107167
109565
104371
111772
95631
99845
106595
108188
106519
102372
99919
115007
103019
106433
100377
97422
105594
103701
10417
109673
9885
93853
0
91611
110366
99553
97385
92889
101123
75092
9529
91992
106098
8356
969
105549
97207
104057
104553
90264
92843
10334
99171
84246
99478
97618
90927
99685
101168
93834
90468
96796
99967
99585
932
99218
92428
