8398748
3990456
2705994
2325502
1660272
1584138
1532233
1425976
1345047
1030119
964254
903889
895008
892533
883305
872498
867125
744955
716492
702455
694583
682669
672662
669053
653115
650618
649021
644644
620118
602495
592025
560218
545975
530093
508958
508529
498044
491918
472688
470914
469298
468262
467354
450189
429082
425403
400669
398112
39289
391006
389255
383793
383579
374114
352005
347397
332725
330063
326554
32378
311178
31039
307695
302838
302605
301048
294722
291538
288061
287401
285713
282572
28209
274975
274291
271651
267633
265549
265098
261639
258054
257165
256304
255885
25531
250998
250702
248279
246328
245949
244076
242634
242507
242242
238942
237807
22879
228783
221599
21919
216853
216279
215941
21503
213739
210089
20988
209877
209468
20905
206284
201361
200641
200591
200217
199924
199663
199602
198218
198006
197881
197318
196939
195248
194614
19416
193551
192536
192364
191645
189572
189343
188987
18817
1875
185877
183392
183012
182595
181883
181107
180557
179335
178626
177751
177586
17608
173442
172886
172646
172374
172259
171245
168819
16816
168122
16783
164422
16053
15962
159053
156798
156794
156667
156259
155032
154823
153219
153185
153095
152958
152361
152213
149103
148304
148099
147599
146526
145862
145627
145182
1449
143433
142816
142749
142344
141371
141344
140823
14064
13964
139605
139484
139436
139117
138541
138183
138161
136879
136401
136208
134587
134313
133857
1338
133507
133451
133174
132964
130418
129775
129688
129618
129488
128885
128739
12769
126143
125964
125904
125851
124844
123471
12318
122999
122607
122587
122312
122149
121913
12189
121643
121433
120981
120568
120492
118977
1186
118428
118427
117963
116961
116925
116884
116702
116478
116218
116046
115877
115586
114985
114742
114694
114194
113615
113479
113237
113069
112525
112316
112269
112022
111954
11175
111683
11167
111535
111398
111388
111262
111128
110831
110516
110158
110146
10955
109419
109171
108797
108393
108389
108093
107408
107353
107348
107008
106804
106586
106558
106311
106244
105729
10512
105025
104879
104576
104246
104157
103695
10344
103383
103241
102926
102153
102085
10186
101224
101113
1008
100693
10045
100215
100164
100154
