1272690
384277
302456
169688
102247
100043
95003
94242
93883
91073
79679
76010
69178
67030
59627
58643
58193
53737
50760
50728
50620
49784
45438
45255
44778
44526
37781
37510
37056
35198
34097
34022
33446
31342
31207
31085
29880
29076
27182
27150
26930
26241
25597
25479
25234
25098
24831
24405
24177
23909
23723
23369
23096
22899
22567
22275
22044
22036
21687
20852
20839
20763
20473
19612
19208
18933
18741
18680
18524
18453
18147
17683
17373
17090
17030
16956
16942
16792
16731
16662
16484
16339
16137
16069
15901
15788
15306
15222
15105
14782
14662
14395
14257
14173
14114
14005
13990
13677
13658
13637
13557
13114
13093
12801
12674
12638
12553
12117
11951
11923
11891
11890
11800
11638
11599
11598
11454
11420
11392
11331
11250
11055
11040
10945
10804
10708
10277
10233
10133
10100
10072
10026
9930
9820
9707
9607
9606
9571
9552
9382
9108
9100
8972
8850
8839
8821
8816
8775
8738
8697
8691
8663
8636
8603
8601
8595
8539
8497
8387
8355
8261
8196
8108
8007
7817
7767
7747
7725
7662
7630
7619
7603
7586
7451
7399
7389
7387
7354
7349
7339
7271
7218
7186
7176
7151
7136
7090
7024
7005
6927
6921
6916
6914
6890
6870
6848
6841
6834
6777
6748
6740
6734
6698
6492
6469
6463
6461
6448
6448
6446
6384
6379
6365
6361
6357
6310
6272
6227
6102
6071
6033
6018
5976
5945
5889
5886
5859
5854
5819
5777
5765
5752
5743
5684
5651
5634
5622
5616
5610
5582
5564
5561
5561
5561
5560
5526
5485
5468
5426
5386
5371
5316
5253
5251
5246
5243
5205
5169
5154
5150
5146
5112
5096
5095
5061
5052
5045
5040
5033
5026
4998
4985
4979
4972
4965
4951
4944
4941
4889
4882
4877
4821
4798
4719
4673
4670
4655
4641
4625
4624
4609
4579
4568
4566
4559
4547
4495
4473
4472
4442
4437
4416
4394
4345
4316
4294
4256
4256
4243
4240
4225
4205
4179
4170
4120
4117
4086
4076
4070
4055
4031
3998
3991
3964
3957
3952
3948
3937
3933
3898
3891
3870
3867
3862
3862
3833
3796
3773
3767
3766
3766
3757
3735
3716
3693
3675
3663
3641
3620
3617
3616
3606
3605
3604
3554
3554
3531
3513
3508
3488
3480
3425
3396
3389
3387
3378
3373
3345
3326
3306
3282
3282
3274
3266
3263
3238
3231
3181
3175
3167
3160
3154
3141
3140
3134
3128
3128
3116
3106
3094
3087
3077
3065
3056
3055
3053
3031
3018
3011
2995
2990
2975
2971
2964
2960
2922
2921
2918
2913
2908
2906
2906
2902
2900
2895
2886
2881
2882
2859
2858
2844
2843
2837
2837
2814
2787
2765
2729
2719
2706
2687
2685
2676
2673
2671
2657
2646
2637
2619
2614
2609
2607
2581
2580
2569
2565
2564
2539
2534
2533
2522
2501
2446
2436
2428
2424
2420
2396
2379
2372
2359
2347
2316
2279
2276
2267
2232
2221
2200
2218
2217
2193
2177
2165
2163
2158
2141
2133
2130
2064
2057
2051
2046
2043
2039
2032
2011
2007
2002
1994
1970
1949
1948
1927
1921
1920
1906
1906
1900
1881
1858
1855
1852
1851
1843
1815
1811
1808
1780
1780
1776
1769
1764
1758
1756
1753
1733
1731
1729
1704
1702
1696
1676
1674
1668
1659
1658
1653
1648
1628
1616
1613
1585
1572
1557
1511
1507
1501
1493
1486
1453
1448
1443
1438
1394
1384
1372
1359
1350
1337
1331
1315
1307
1307
1300
1297
1295
1288
1285
1230
1221
1217
1198
1197
1192
1178
1174
1146
1122
1117
1092
1083
1069
1038
1000
971
963
948
907
897
851
818
739
739
734
623
615
595
568
527
499
454
437
427
396
373
351
313
255
196
91
74
