1400955680
1357538900
329206021
266911900
218330000
211010151
200963599
167955596
146780720
126577691
126150000
108188545
99904661
98665000
96208984
86790567
83149300
83129177
82003882
67088000
66459930
66435600
60252824
58775022
55890747
54339766
51811167
48258494
47564296
47100396
44938712
42200000
42198150
41940724
40006700
39127900
38386000
37892536
35785345
34218169
33966165
32727210
32225560
32219521
32131400
30280811
30175553
29609623
29161922
28571310
25876000
25823071
25680342
25589223
25450000
23598776
22314743
21803000
20870060
19973000
19405156
19107216
18628888
17563749
17406700
17381168
17425131
17070135
16604026
16209125
15692969
15442905
15288489
15159624
12778250
12374397
12218357
11733059
11577779
11551448
11505732
11469896
11209628
10953317
10724599
10681161
10595820
10358320
10323857
10276617
10027874
9772756
9770529
9454800
9158345
9147200
9127000
8898457
8586550
8558800
7901454
7538000
7524100
7152703
7123205
7000039
6963764
6855713
6777452
6704864
6490300
6460411
5942089
5827463
5703600
5527405
5496011
5450017
5380508
5356789
5058007
4976684
4954397
4921500
4674926
4475353
4420110
4218808
4077347
4076246
3723464
3518552
3497117
3301000
3298462
3195153
2957500
2862427
2794329
2747282
2726667
2681735
2458936
2347706
2338851
2172579
2089310
2077132
2007201
1909400
1795666
1604528
1543300
1387149
1363985
1358276
1324820
1265985
1093238
1078373
884887
8759
873724
782766
741672
680806
6761
622359
613894
582463
581372
550483
493559
469
4424
408487
38534
374775
36286
351965
3045
287025
2822
275918
244832
201784
200874
178696
1724
158665
148
1201
112309
112003
110608
1068
104578
104468
100651
97625
96453
83314
76177
71808
65813
64027
62506
567
56225
562
555
53532
52823
52122
41369
40614
38557
383
35746
33701
33524
3003
179
152
14869
117
11
102
9793
6008
5633
4989
3198
1928
1756
152
14
799
538
50
